# pyramidNoIndex.txt

# test model with no indices

[points]
# We add normal vector (nx, ny, nz)
# x    y    z       nx   ny  nz     r   g   b  u v

# The base (some duplicated verts)
-0.5 -0.5 -0.3     0.0 -1.0 0.0    1.0 1.0 1.0  0.0 0.0
+0.5 -0.5 -0.3     0.0 -1.0 0.0    1.0 1.0 1.0  1.0 0.0
+0.5 +0.5 -0.3     0.0 -1.0 0.0    1.0 1.0 1.0  0.0 1.0
-0.5 -0.5 -0.3     0.0 -1.0 0.0    1.0 1.0 1.0  0.0 0.0
+0.5 +0.5 -0.3     0.0 -1.0 0.0    1.0 1.0 1.0  0.0 1.0
-0.5 +0.5 -0.3     0.0 -1.0 0.0    1.0 1.0 1.0  1.0 1.0

# Face sides have their own copy of the vertices
# because they have a different normal vector.
-0.5 -0.5 -0.3  0.0 -0.848 0.53    1.0 1.0 1.0  0.0 0.0
+0.5 -0.5 -0.3  0.0 -0.848 0.53    1.0 1.0 1.0  1.0 0.0
+0.0 +0.0 +0.5  0.0 -0.848 0.53    1.0 1.0 1.0  0.5 1.0

+0.5 -0.5 -0.3   0.848 0.0 0.53    1.0 1.0 1.0  0.0 0.0
+0.5 +0.5 -0.3   0.848 0.0 0.53    1.0 1.0 1.0  1.0 0.0
+0.0 +0.0 +0.5   0.848 0.0 0.53    1.0 1.0 1.0  0.5 1.0

+0.5 +0.5 -0.3   0.0 0.848 0.53    1.0 1.0 1.0  0.0 0.0
-0.5 +0.5 -0.3   0.0 0.848 0.53    1.0 1.0 1.0  1.0 0.0
+0.0 +0.0 +0.5   0.0 0.848 0.53    1.0 1.0 1.0  0.5 1.0

-0.5 +0.5 -0.3  -0.848 0.0 0.53    1.0 1.0 1.0  0.0 0.0
-0.5 -0.5 -0.3  -0.848 0.0 0.53    1.0 1.0 1.0  1.0 0.0
+0.0 +0.0 +0.5  -0.848 0.0 0.53    1.0 1.0 1.0  0.5 1.0

